0.8279358227,0.7962785961,0.1549332413,0.4137046561,0.8110691783
0.8277030172,0.04939401171,0.06789387594,0.1594594354,0.6470591051
0.8977407837,0.4458902499,0.3765199152,0.01646538629,0.1126743887
0.3532186687,0.6027085723,0.1946824432,0.9913215494,0.8558382126
0.195738115,0.8728981936,0.9859549295,0.245347465,0.2067375594
0.8279358227,0.7962785961,0.1549332413,0.4137046561,0.8110691783
0.8277030172,0.04939401171,0.06789387594,0.1594594354,0.6470591051
0.8977407837,0.4458902499,0.3765199152,0.01646538629,0.1126743887
0.3532186687,0.6027085723,0.1946824432,0.9913215494,0.8558382126
0.195738115,0.8728981936,0.9859549295,0.245347465,0.2067375594
